5.000000000000000278e-02 7.270519651304162000e+15
1.000000000000000056e-01 5.141033748187226000e+15
1.499999999999999944e-01 4.197636477828922000e+15
2.000000000000000111e-01 3.635259825652081000e+15
2.500000000000000000e-01 3.251475234412835000e+15
2.999999999999999889e-01 2.968177218428845500e+15
3.499999999999999778e-01 2.747998128508408500e+15
4.000000000000000222e-01 2.570516874093613000e+15
4.500000000000000111e-01 2.423506550434720500e+15
5.000000000000000000e-01 2.299140187113434500e+15
5.500000000000000444e-01 2.192144155843771000e+15
5.999999999999999778e-01 2.098818238914461000e+15
6.500000000000000222e-01 2.016479338618901750e+15
6.999999999999999556e-01 1.943128111356237250e+15
7.500000000000000000e-01 1.877240101851651750e+15
8.000000000000000444e-01 1.817629912826040500e+15
8.499999999999999778e-01 1.763360027967996750e+15
9.000000000000000222e-01 1.713677916062408750e+15
9.499999999999999556e-01 1.667971601424285250e+15
1.000000000000000000e+00 1.625737617206417500e+15
1.050000000000000044e+00 1.586557459226917250e+15
1.100000000000000089e+00 1.550079997935590250e+15
1.149999999999999911e+00 1.516008144982135000e+15
1.199999999999999956e+00 1.484088609214422750e+15
1.250000000000000000e+00 1.454103930260832500e+15
1.300000000000000044e+00 1.425866214459989750e+15
1.350000000000000089e+00 1.399212159276307250e+15
1.399999999999999911e+00 1.373999064254204250e+15
1.449999999999999956e+00 1.350101605371827500e+15
1.500000000000000000e+00 1.327409205934628000e+15
1.550000000000000044e+00 1.305823877864086250e+15
1.600000000000000089e+00 1.285258437046806500e+15
1.649999999999999911e+00 1.265635018478866250e+15
1.699999999999999956e+00 1.246883833449470500e+15
1.750000000000000000e+00 1.228942123477400750e+15
1.800000000000000044e+00 1.211753275217360250e+15
1.850000000000000089e+00 1.195266067858103500e+15
1.899999999999999911e+00 1.179434030193697250e+15
1.949999999999999956e+00 1.164214888966941500e+15
2.000000000000000000e+00 1.149570093556717250e+15
2.049999999999999822e+00 1.135464404829207500e+15
2.100000000000000089e+00 1.121865538161452500e+15
2.149999999999999911e+00 1.108743852398992125e+15
2.200000000000000178e+00 1.096072077921885500e+15
2.250000000000000000e+00 1.083825078137611625e+15
2.299999999999999822e+00 1.071979639650906250e+15
2.350000000000000089e+00 1.060514287122756875e+15
2.399999999999999911e+00 1.049409119457230500e+15
2.450000000000000178e+00 1.038645664472023125e+15
2.500000000000000000e+00 1.028206749637445250e+15
2.549999999999999822e+00 1.018076386825548875e+15
2.600000000000000089e+00 1.008239669309450875e+15
2.649999999999999911e+00 9.986826795031656250e+14
2.700000000000000178e+00 9.893924061429485000e+14
2.750000000000000000e+00 9.803566697891130000e+14
2.799999999999999822e+00 9.715640556781186250e+14
2.850000000000000089e+00 9.630038530829622500e+14
2.899999999999999911e+00 9.546660004492633750e+14
2.950000000000000178e+00 9.465410356679681250e+14
3.000000000000000000e+00 9.386200509258258750e+14
3.049999999999999822e+00 9.308946516437917500e+14
3.100000000000000089e+00 9.233569190730092500e+14
3.149999999999999911e+00 9.159993761694693750e+14
3.200000000000000178e+00 9.088149564130202500e+14
3.250000000000000000e+00 9.017969752751362500e+14
3.299999999999999822e+00 8.949391040735676250e+14
3.350000000000000089e+00 8.882353459814275000e+14
3.399999999999999911e+00 8.816800139839983750e+14
3.450000000000000178e+00 8.752677105991007500e+14
3.500000000000000000e+00 8.689933091966653750e+14
3.549999999999999822e+00 8.628519367705750000e+14
3.600000000000000089e+00 8.568389580312043750e+14
3.649999999999999911e+00 8.509499607006503750e+14
3.700000000000000178e+00 8.451807419046451250e+14
3.750000000000000000e+00 8.395272955657843750e+14
3.799999999999999822e+00 8.339858007121426250e+14
3.850000000000000089e+00 8.285526106237482500e+14
3.899999999999999911e+00 8.232242427468677500e+14
3.950000000000000178e+00 8.179973693127207500e+14
4.000000000000000000e+00 8.128688086032087500e+14
4.049999999999999822e+00 8.078355168115736250e+14
4.099999999999999645e+00 8.028945804506798750e+14
4.150000000000000355e+00 7.980432092659028750e+14
4.200000000000000178e+00 7.932787296134586250e+14
4.250000000000000000e+00 7.885985782684741250e+14
4.299999999999999822e+00 7.840002966302238750e+14
4.349999999999999645e+00 7.794815252947706250e+14
4.400000000000000355e+00 7.750399989677951250e+14
4.450000000000000178e+00 7.706735416926991250e+14
4.500000000000000000e+00 7.663800623711448750e+14
4.549999999999999822e+00 7.621575505550882500e+14
4.599999999999999645e+00 7.580040724910675000e+14
4.650000000000000355e+00 7.539177673990711250e+14
4.700000000000000178e+00 7.498968439697186250e+14
4.750000000000000000e+00 7.459395770647773750e+14
4.799999999999999822e+00 7.420443046072113750e+14
4.849999999999999645e+00 7.382094246480298750e+14
4.900000000000000355e+00 7.344333925981751250e+14
4.950000000000000178e+00 7.307147186145903750e+14
5.000000000000000000e+00 7.270519651304162500e+14
5.049999999999999822e+00 7.234437445200203750e+14
5.099999999999999645e+00 7.198887168902443750e+14
5.150000000000000355e+00 7.163855879898838750e+14
5.200000000000000178e+00 7.129331072299948750e+14
5.250000000000000000e+00 7.095300658081476250e+14
5.299999999999999822e+00 7.061752949302398750e+14
5.349999999999999645e+00 7.028676641239288750e+14
5.400000000000000355e+00 6.996060796381536250e+14
5.450000000000000178e+00 6.963894829236046250e+14
5.500000000000000000e+00 6.932168491893427500e+14
5.549999999999999822e+00 6.900871860311016250e+14
5.599999999999999645e+00 6.869995321271021250e+14
5.650000000000000355e+00 6.839529559974860000e+14
5.700000000000000178e+00 6.809465548237362500e+14
5.750000000000000000e+00 6.779794533246821250e+14
5.799999999999999822e+00 6.750508026859137500e+14
5.849999999999999645e+00 6.721597795396338750e+14
5.900000000000000355e+00 6.693055849921580000e+14
5.950000000000000178e+00 6.664874436964600000e+14
6.000000000000000000e+00 6.637046029673140000e+14
6.049999999999999822e+00 6.609563319367420000e+14
6.099999999999999645e+00 6.582419207476140000e+14
6.150000000000000355e+00 6.555606797833811250e+14
6.200000000000000178e+00 6.529119389320431250e+14
6.250000000000000000e+00 6.502950468825670000e+14
6.299999999999999822e+00 6.477093704520790000e+14
6.349999999999999645e+00 6.451542939422522500e+14
6.400000000000000355e+00 6.426292185234032500e+14
6.450000000000000178e+00 6.401335616449007500e+14
6.500000000000000000e+00 6.376667564705661250e+14
6.549999999999999822e+00 6.352282513378241250e+14
6.599999999999999645e+00 6.328175092394331250e+14
6.650000000000000355e+00 6.304340073266867500e+14
6.700000000000000178e+00 6.280772364330466250e+14
6.750000000000000000e+00 6.257467006172172500e+14
6.799999999999999822e+00 6.234419167247352500e+14
6.849999999999999645e+00 6.211624139671906250e+14
6.900000000000000355e+00 6.189077335182487500e+14
6.950000000000000178e+00 6.166774281256872500e+14
7.000000000000000000e+00 6.144710617387003750e+14
7.049999999999999822e+00 6.122882091497677500e+14
7.099999999999999645e+00 6.101284556504197500e+14
7.150000000000000355e+00 6.079913967002645000e+14
7.200000000000000178e+00 6.058766376086801250e+14
7.250000000000000000e+00 6.037837932286003750e+14
7.299999999999999822e+00 6.017124876618560000e+14
7.349999999999999645e+00 5.996623539755603750e+14
7.400000000000000355e+00 5.976330339290517500e+14
7.450000000000000178e+00 5.956241777109333750e+14
7.500000000000000000e+00 5.936354436857691250e+14
7.549999999999999822e+00 5.916664981500241250e+14
7.599999999999999645e+00 5.897170150968486250e+14
7.650000000000000355e+00 5.877866759893321250e+14
7.700000000000000178e+00 5.858751695418693750e+14
7.750000000000000000e+00 5.839821915092958750e+14
7.799999999999999822e+00 5.821074444834707500e+14
7.849999999999999645e+00 5.802506376969961250e+14
7.900000000000000355e+00 5.784114868337815000e+14
7.950000000000000178e+00 5.765897138461693750e+14
8.000000000000000000e+00 5.747850467783586250e+14
8.050000000000000711e+00 5.729972195958687500e+14
8.099999999999999645e+00 5.712259720208028750e+14
8.150000000000000355e+00 5.694710493726785000e+14
8.199999999999999289e+00 5.677322024146037500e+14
8.250000000000000000e+00 5.660091872045895000e+14
8.300000000000000711e+00 5.643017649517950000e+14
8.349999999999999645e+00 5.626097018775152500e+14
8.400000000000000355e+00 5.609327690807262500e+14
8.449999999999999289e+00 5.592707424080125000e+14
8.500000000000000000e+00 5.576234023277084375e+14
8.550000000000000711e+00 5.559905338080950625e+14
8.599999999999999645e+00 5.543719261994960625e+14
8.650000000000000355e+00 5.527673731201283125e+14
8.699999999999999289e+00 5.511766723455656250e+14
8.750000000000000000e+00 5.495996257016816250e+14
8.800000000000000711e+00 5.480360389609427500e+14
8.849999999999999645e+00 5.464857217419286250e+14
8.900000000000000355e+00 5.449484874119610000e+14
8.949999999999999289e+00 5.434241529927299375e+14
9.000000000000000000e+00 5.419125390688058125e+14
9.050000000000000711e+00 5.404134696989372500e+14
9.099999999999999645e+00 5.389267723300318125e+14
9.150000000000000355e+00 5.374522777137260000e+14
9.199999999999999289e+00 5.359898198254531250e+14
9.250000000000000000e+00 5.345392357859192500e+14
9.300000000000000711e+00 5.331003657849054375e+14
9.349999999999999645e+00 5.316730530073135625e+14
9.400000000000000355e+00 5.302571435613784375e+14
9.449999999999999289e+00 5.288524864089724375e+14
9.500000000000000000e+00 5.274589332979293125e+14
9.550000000000000711e+00 5.260763386963203750e+14
9.599999999999999645e+00 5.247045597286152500e+14
9.650000000000000355e+00 5.233434561136642500e+14
9.699999999999999289e+00 5.219928901044415625e+14
9.750000000000000000e+00 5.206527264294901250e+14
9.800000000000000711e+00 5.193228322360115625e+14
9.849999999999999645e+00 5.180030770345470625e+14
9.900000000000000355e+00 5.166933326451968125e+14
9.949999999999999289e+00 5.153934731453281250e+14
1.000000000000000000e+01 5.141033748187226250e+14
1.005000000000000071e+01 5.128229161061175000e+14
1.009999999999999964e+01 5.115519775570946250e+14
1.015000000000000036e+01 5.102904417832744375e+14
1.019999999999999929e+01 5.090381934127744375e+14
1.025000000000000000e+01 5.077951190458896875e+14
1.030000000000000071e+01 5.065611072119589375e+14
1.034999999999999964e+01 5.053360483273783125e+14
1.040000000000000036e+01 5.041198346547254375e+14
1.044999999999999929e+01 5.029123602629618750e+14
1.050000000000000000e+01 5.017135209886785000e+14
1.055000000000000071e+01 5.005232143983521250e+14
1.059999999999999964e+01 4.993413397515828125e+14
1.065000000000000036e+01 4.981677979652814375e+14
1.069999999999999929e+01 4.970024915787787500e+14
1.075000000000000000e+01 4.958453247198279375e+14
1.080000000000000071e+01 4.946962030714742500e+14
1.084999999999999964e+01 4.935550338397648750e+14
1.090000000000000036e+01 4.924217257222742500e+14
1.094999999999999929e+01 4.912961888774219375e+14
1.100000000000000000e+01 4.901783348945565000e+14
1.105000000000000071e+01 4.890680767647866250e+14
1.109999999999999964e+01 4.879653288525345625e+14
1.115000000000000036e+01 4.868700068677921250e+14
1.119999999999999929e+01 4.857820278390593125e+14
1.125000000000000000e+01 4.847013100869441250e+14
1.130000000000000071e+01 4.836277731984066875e+14
1.134999999999999964e+01 4.825613380016271875e+14
1.140000000000000036e+01 4.815019265414811250e+14
1.144999999999999929e+01 4.804494620556043750e+14
1.150000000000000000e+01 4.794038689510310625e+14
1.155000000000000071e+01 4.783650727813881875e+14
1.159999999999999964e+01 4.773330002246316875e+14
1.165000000000000036e+01 4.763075790613085000e+14
1.169999999999999929e+01 4.752887381533299375e+14
1.175000000000000000e+01 4.742764074232428750e+14
1.180000000000000071e+01 4.732705178339840625e+14
1.184999999999999964e+01 4.722710013691050000e+14
1.190000000000000036e+01 4.712777910134541875e+14
1.194999999999999929e+01 4.702908207343043750e+14
1.200000000000000000e+01 4.693100254629129375e+14
1.205000000000000071e+01 4.683353410765034375e+14
1.209999999999999964e+01 4.673667043806569375e+14
1.215000000000000036e+01 4.664040530921024375e+14
1.219999999999999929e+01 4.654473258218958750e+14
1.225000000000000000e+01 4.644964620589764375e+14
1.230000000000000071e+01 4.635514021540916250e+14
1.234999999999999964e+01 4.626120873040803125e+14
1.240000000000000036e+01 4.616784595365046250e+14
1.244999999999999929e+01 4.607504616946218750e+14
1.250000000000000000e+01 4.598280374226869375e+14
1.255000000000000071e+01 4.589111311515778750e+14
1.259999999999999964e+01 4.579996880847346875e+14
1.265000000000000036e+01 4.570936541844046875e+14
1.269999999999999929e+01 4.561929761581856875e+14
1.275000000000000000e+01 4.552976014458597500e+14
1.280000000000000071e+01 4.544074782065101250e+14
1.284999999999999964e+01 4.535225553059144375e+14
1.290000000000000036e+01 4.526427823042061875e+14
1.294999999999999929e+01 4.517681094437994375e+14
1.300000000000000000e+01 4.508984876375681250e+14
1.305000000000000071e+01 4.500338684572758750e+14
1.309999999999999964e+01 4.491742041222480000e+14
1.315000000000000036e+01 4.483194474882811875e+14
1.319999999999999929e+01 4.474695520367838125e+14
1.325000000000000000e+01 4.466244718641428125e+14
1.330000000000000071e+01 4.457841616713098125e+14
1.334999999999999964e+01 4.449485767536021250e+14
1.340000000000000036e+01 4.441176729907137500e+14
1.344999999999999929e+01 4.432914068369301250e+14
1.350000000000000000e+01 4.424697353115426875e+14
1.355000000000000071e+01 4.416526159894585000e+14
1.359999999999999964e+01 4.408400069919991875e+14
1.365000000000000036e+01 4.400318669778860000e+14
1.369999999999999929e+01 4.392281551344058750e+14
1.375000000000000000e+01 4.384288311687541875e+14
1.380000000000000071e+01 4.376338552995503750e+14
1.384999999999999964e+01 4.368431882485219375e+14
1.390000000000000036e+01 4.360567912323532500e+14
1.394999999999999929e+01 4.352746259546954375e+14
1.400000000000000000e+01 4.344966545983326875e+14
1.405000000000000071e+01 4.337228398175030625e+14
1.409999999999999964e+01 4.329531447303678750e+14
1.415000000000000036e+01 4.321875329116288125e+14
1.419999999999999929e+01 4.314259683852875000e+14
1.425000000000000000e+01 4.306684156175448125e+14
1.430000000000000071e+01 4.299148395098373125e+14
1.434999999999999964e+01 4.291652053920072500e+14
1.440000000000000036e+01 4.284194790156021875e+14
1.444999999999999929e+01 4.276776265473036875e+14
1.450000000000000000e+01 4.269396145624795625e+14
1.455000000000000071e+01 4.262054100388587500e+14
1.459999999999999964e+01 4.254749803503251875e+14
1.465000000000000036e+01 4.247482932608280000e+14
1.469999999999999929e+01 4.240253169184065625e+14
1.475000000000000000e+01 4.233060198493260000e+14
1.480000000000000071e+01 4.225903709523225625e+14
1.484999999999999964e+01 4.218783394929553750e+14
1.490000000000000036e+01 4.211698950980622500e+14
1.494999999999999929e+01 4.204650077503179375e+14
1.500000000000000000e+01 4.197636477828921875e+14
1.505000000000000071e+01 4.190657858742054375e+14
1.509999999999999964e+01 4.183713930427799375e+14
1.515000000000000036e+01 4.176804406421845625e+14
1.519999999999999929e+01 4.169929003560713125e+14
1.525000000000000000e+01 4.163087441933009375e+14
1.530000000000000071e+01 4.156279444831568125e+14
1.534999999999999964e+01 4.149504738706443750e+14
1.540000000000000036e+01 4.142763053118741250e+14
1.544999999999999929e+01 4.136054120695278125e+14
1.550000000000000000e+01 4.129377677084041875e+14
1.555000000000000071e+01 4.122733460910444375e+14
1.559999999999999964e+01 4.116121213734338750e+14
1.565000000000000036e+01 4.109540680007800625e+14
1.569999999999999929e+01 4.102991607033645000e+14
1.575000000000000000e+01 4.096473744924669375e+14
1.580000000000000071e+01 4.089986846563603750e+14
1.584999999999999964e+01 4.083530667563763125e+14
1.590000000000000036e+01 4.077104966230373750e+14
1.594999999999999929e+01 4.070709503522570000e+14
1.600000000000000000e+01 4.064344043016043750e+14
1.605000000000000071e+01 4.058008350866337500e+14
1.610000000000000142e+01 4.051702195772760625e+14
1.614999999999999858e+01 4.045425348942923125e+14
1.619999999999999929e+01 4.039177584057868125e+14
1.625000000000000000e+01 4.032958677237803125e+14
1.630000000000000071e+01 4.026768407008401250e+14
1.635000000000000142e+01 4.020606554267674375e+14
1.639999999999999858e+01 4.014472902253399375e+14
1.644999999999999929e+01 4.008367236511091250e+14
1.650000000000000000e+01 4.002289344862512500e+14
1.655000000000000071e+01 3.996239017374700625e+14
1.660000000000000142e+01 3.990216046329514375e+14
1.664999999999999858e+01 3.984220226193679375e+14
1.669999999999999929e+01 3.978251353589329375e+14
1.675000000000000000e+01 3.972309227265033125e+14
1.680000000000000071e+01 3.966393648067293125e+14
1.685000000000000142e+01 3.960504418912510000e+14
1.689999999999999858e+01 3.954641344759405000e+14
1.694999999999999929e+01 3.948804232581888125e+14
1.700000000000000000e+01 3.942992891342370625e+14
