5.000000000000000278e-02 3.049616820659305745e+02
1.000000000000000056e-01 2.156404733908754565e+02
1.499999999999999944e-01 1.760697092332861189e+02
2.000000000000000111e-01 1.524808410329652872e+02
2.500000000000000000e-01 1.363830103264198783e+02
2.999999999999999889e-01 1.245000853604002913e+02
3.499999999999999778e-01 1.152646814500569690e+02
4.000000000000000222e-01 1.078202366954377283e+02
4.500000000000000111e-01 1.016538940219768676e+02
5.000000000000000000e-01 9.643735144044643448e+01
5.500000000000000444e-01 9.194940680439519554e+01
5.999999999999999778e-01 8.803485461664305944e+01
6.500000000000000222e-01 8.458115244157382051e+01
6.999999999999999556e-01 8.150443788464254169e+01
7.500000000000000000e-01 7.874076772485003062e+01
8.000000000000000444e-01 7.624042051648264362e+01
8.499999999999999778e-01 7.396407217199194406e+01
9.000000000000000222e-01 7.188015779695848551e+01
9.499999999999999556e-01 6.996300809355641093e+01
1.000000000000000000e+00 6.819150516320993916e+01
1.050000000000000044e+00 6.654809486324684542e+01
1.100000000000000089e+00 6.501804907746831930e+01
1.149999999999999911e+00 6.358890644583745200e+01
1.199999999999999956e+00 6.225004268020014564e+01
1.250000000000000000e+00 6.099233641318611632e+01
1.300000000000000044e+00 5.980790645200995925e+01
1.350000000000000089e+00 5.868990307776203252e+01
1.399999999999999911e+00 5.763234072502848448e+01
1.449999999999999956e+00 5.662996268227556129e+01
1.500000000000000000e+00 5.567813081407629028e+01
1.550000000000000044e+00 5.477273501404476974e+01
1.600000000000000089e+00 5.391011834771886413e+01
1.649999999999999911e+00 5.308701477034398408e+01
1.699999999999999956e+00 5.230049699698671617e+01
1.750000000000000000e+00 5.154793262543728360e+01
1.800000000000000044e+00 5.082694701098843382e+01
1.850000000000000089e+00 5.013539169857732958e+01
1.899999999999999911e+00 4.947131745516304591e+01
1.949999999999999956e+00 4.883295113051141811e+01
2.000000000000000000e+00 4.821867572022321724e+01
2.049999999999999822e+00 4.762701312011343902e+01
2.100000000000000089e+00 4.705660915284749990e+01
2.149999999999999911e+00 4.650622052128074557e+01
2.200000000000000178e+00 4.597470340219759777e+01
2.250000000000000000e+00 4.546100344213995470e+01
2.299999999999999822e+00 4.496414695608862644e+01
2.350000000000000089e+00 4.448323316173059538e+01
2.399999999999999911e+00 4.401742730832152972e+01
2.450000000000000178e+00 4.356595458084722594e+01
2.500000000000000000e+00 4.312809467817508846e+01
2.549999999999999822e+00 4.270317697886045494e+01
2.600000000000000089e+00 4.229057622078691026e+01
2.649999999999999911e+00 4.188970863131703481e+01
2.700000000000000178e+00 4.150002845346676139e+01
2.750000000000000000e+00 4.112102482108187473e+01
2.799999999999999822e+00 4.075221894232127084e+01
2.850000000000000089e+00 4.039316155613075665e+01
2.899999999999999911e+00 4.004343063097817179e+01
2.950000000000000178e+00 3.970262927904374806e+01
3.000000000000000000e+00 3.937038386242501531e+01
3.049999999999999822e+00 3.904634227080955355e+01
3.100000000000000089e+00 3.873017235256490665e+01
3.149999999999999911e+00 3.842156048335232299e+01
3.200000000000000178e+00 3.812021025824132181e+01
3.250000000000000000e+00 3.782584129492627056e+01
3.299999999999999822e+00 3.753818813706063651e+01
3.350000000000000089e+00 3.725699924795895868e+01
3.399999999999999911e+00 3.698203608599597203e+01
3.450000000000000178e+00 3.671307225397817575e+01
3.500000000000000000e+00 3.644989271559397537e+01
3.549999999999999822e+00 3.619229307277918650e+01
3.600000000000000089e+00 3.594007889847924275e+01
3.649999999999999911e+00 3.569306511985815433e+01
3.700000000000000178e+00 3.545107544750776896e+01
3.750000000000000000e+00 3.521394184665722094e+01
3.799999999999999822e+00 3.498150404677820546e+01
3.850000000000000089e+00 3.475360908633428636e+01
3.899999999999999911e+00 3.453011088973590859e+01
3.950000000000000178e+00 3.431086987384273357e+01
4.000000000000000000e+00 3.409575258160496958e+01
4.049999999999999822e+00 3.388463134065895588e+01
4.099999999999999645e+00 3.367738394489288112e+01
4.150000000000000355e+00 3.347389335717809900e+01
4.200000000000000178e+00 3.327404743162342271e+01
4.250000000000000000e+00 3.307773865385490097e+01
4.299999999999999822e+00 3.288486389795458820e+01
4.349999999999999645e+00 3.269532419881025476e+01
4.400000000000000355e+00 3.250902453873415965e+01
4.450000000000000178e+00 3.232587364730600399e+01
4.500000000000000000e+00 3.214578381348214009e+01
4.549999999999999822e+00 3.196867070909256370e+01
4.599999999999999645e+00 3.179445322291872600e+01
4.650000000000000355e+00 3.162305330461078867e+01
4.700000000000000178e+00 3.145439581776200910e+01
4.750000000000000000e+00 3.128840840151201519e+01
4.799999999999999822e+00 3.112502134010007282e+01
4.849999999999999645e+00 3.096416743983406406e+01
4.900000000000000355e+00 3.080578191298220858e+01
4.950000000000000178e+00 3.064980226813173658e+01
5.000000000000000000e+00 3.049616820659305816e+01
5.049999999999999822e+00 3.034482152445956515e+01
5.099999999999999645e+00 3.019570601996149151e+01
5.150000000000000355e+00 3.004876740577920557e+01
5.200000000000000178e+00 2.990395322600497963e+01
5.250000000000000000e+00 2.976121277746490890e+01
5.299999999999999822e+00 2.962049703513292442e+01
5.349999999999999645e+00 2.948175858138776562e+01
5.400000000000000355e+00 2.934495153888101626e+01
5.450000000000000178e+00 2.921003150680041216e+01
5.500000000000000000e+00 2.907695550032733323e+01
5.549999999999999822e+00 2.894568189310095008e+01
5.599999999999999645e+00 2.881617036251424224e+01
5.650000000000000355e+00 2.868838183767847738e+01
5.700000000000000178e+00 2.856227844990381470e+01
5.750000000000000000e+00 2.843782348555341599e+01
5.799999999999999822e+00 2.831498134113778065e+01
5.849999999999999645e+00 2.819371748052460802e+01
5.900000000000000355e+00 2.807399839414740583e+01
5.950000000000000178e+00 2.795579156010338195e+01
6.000000000000000000e+00 2.783906540703814514e+01
6.049999999999999822e+00 2.772378927872096455e+01
6.099999999999999645e+00 2.760993340022037046e+01
6.150000000000000355e+00 2.749746884559532845e+01
6.200000000000000178e+00 2.738636750702238487e+01
6.250000000000000000e+00 2.727660206528397424e+01
6.299999999999999822e+00 2.716814596154751271e+01
6.349999999999999645e+00 2.706097337036908712e+01
6.400000000000000355e+00 2.695505917385943206e+01
6.450000000000000178e+00 2.685037893695353617e+01
6.500000000000000000e+00 2.674690888372850495e+01
6.549999999999999822e+00 2.664462587471772892e+01
6.599999999999999645e+00 2.654350738517199204e+01
6.650000000000000355e+00 2.644353148422134581e+01
6.700000000000000178e+00 2.634467681489388013e+01
6.750000000000000000e+00 2.624692257495000547e+01
6.799999999999999822e+00 2.615024849849335808e+01
6.849999999999999645e+00 2.605463483832120275e+01
6.900000000000000355e+00 2.596006234897965470e+01
6.950000000000000178e+00 2.586651227049052792e+01
7.000000000000000000e+00 2.577396631271864180e+01
7.049999999999999822e+00 2.568240664035004528e+01
7.099999999999999645e+00 2.559181585845307083e+01
7.150000000000000355e+00 2.550217699859571496e+01
7.200000000000000178e+00 2.541347350549421691e+01
7.250000000000000000e+00 2.532568922416889379e+01
7.299999999999999822e+00 2.523880838758473288e+01
7.349999999999999645e+00 2.515281560475515832e+01
7.400000000000000355e+00 2.506769584928866479e+01
7.450000000000000178e+00 2.498343444835893479e+01
7.500000000000000000e+00 2.490001707208005755e+01
7.549999999999999822e+00 2.481742972326940233e+01
7.599999999999999645e+00 2.473565872758152295e+01
7.650000000000000355e+00 2.465469072399731232e+01
7.700000000000000178e+00 2.457451265565338616e+01
7.750000000000000000e+00 2.449511176099739984e+01
7.799999999999999822e+00 2.441647556525570906e+01
7.849999999999999645e+00 2.433859187220041065e+01
7.900000000000000355e+00 2.426144875620341779e+01
7.950000000000000178e+00 2.418503455456587758e+01
8.000000000000000000e+00 2.410933786011160862e+01
8.050000000000000711e+00 2.403434751403399972e+01
8.099999999999999645e+00 2.396005259898616302e+01
8.150000000000000355e+00 2.388644243240451814e+01
8.199999999999999289e+00 2.381350656005671951e+01
8.250000000000000000e+00 2.374123474980490300e+01
8.300000000000000711e+00 2.366961698557595994e+01
8.349999999999999645e+00 2.359864346153061376e+01
8.400000000000000355e+00 2.352830457642374995e+01
8.449999999999999289e+00 2.345859092814851010e+01
8.500000000000000000e+00 2.338949330845717967e+01
8.550000000000000711e+00 2.332100269785213342e+01
8.599999999999999645e+00 2.325311026064037279e+01
8.650000000000000355e+00 2.318580734014550870e+01
8.699999999999999289e+00 2.311908545407135662e+01
8.750000000000000000e+00 2.305293629001139522e+01
8.800000000000000711e+00 2.298735170109879888e+01
8.849999999999999645e+00 2.292232370179182865e+01
8.900000000000000355e+00 2.285784446378958634e+01
8.949999999999999289e+00 2.279390631207352058e+01
9.000000000000000000e+00 2.273050172106997735e+01
9.050000000000000711e+00 2.266762331092956728e+01
9.099999999999999645e+00 2.260526384391910781e+01
9.150000000000000355e+00 2.254341622092215758e+01
9.199999999999999289e+00 2.248207347804431322e+01
9.250000000000000000e+00 2.242122878331951341e+01
9.300000000000000711e+00 2.236087543351394658e+01
9.349999999999999645e+00 2.230100685102403801e+01
9.400000000000000355e+00 2.224161658086529769e+01
9.449999999999999289e+00 2.218269828774895203e+01
9.500000000000000000e+00 2.212424575324329368e+01
9.550000000000000711e+00 2.206625287301687166e+01
9.599999999999999645e+00 2.200871365416076486e+01
9.650000000000000355e+00 2.195162221258725310e+01
9.699999999999999289e+00 2.189497277050236335e+01
9.750000000000000000e+00 2.183875965394974727e+01
9.800000000000000711e+00 2.178297729042361297e+01
9.849999999999999645e+00 2.172762020654836590e+01
9.900000000000000355e+00 2.167268302582277428e+01
9.949999999999999289e+00 2.161816046642659117e+01
1.000000000000000000e+01 2.156404733908754423e+01
1.005000000000000071e+01 2.151033854500678544e+01
1.009999999999999964e+01 2.145702907384086799e+01
1.015000000000000036e+01 2.140411400173848477e+01
1.019999999999999929e+01 2.135158848943022747e+01
1.025000000000000000e+01 2.129944778036960074e+01
1.030000000000000071e+01 2.124768719892377788e+01
1.034999999999999964e+01 2.119630214861248163e+01
1.040000000000000036e+01 2.114528811039345513e+01
1.044999999999999929e+01 2.109464064099315195e+01
1.050000000000000000e+01 2.104435537128115996e+01
1.055000000000000071e+01 2.099442800468708370e+01
1.059999999999999964e+01 2.094485431565851741e+01
1.065000000000000036e+01 2.089563014815889019e+01
1.069999999999999929e+01 2.084675141420397892e+01
1.075000000000000000e+01 2.079821409243588803e+01
1.080000000000000071e+01 2.075001422673338070e+01
1.084999999999999964e+01 2.070214792485748134e+01
1.090000000000000036e+01 2.065461135713128016e+01
1.094999999999999929e+01 2.060740075515294834e+01
1.100000000000000000e+01 2.056051241054093737e+01
1.105000000000000071e+01 2.051394267371046709e+01
1.109999999999999964e+01 2.046768795268034680e+01
1.115000000000000036e+01 2.042174471190925189e+01
1.119999999999999929e+01 2.037610947116063542e+01
1.125000000000000000e+01 2.033077880439537211e+01
1.130000000000000071e+01 2.028574933869143848e+01
1.134999999999999964e+01 2.024101775318972329e+01
1.140000000000000036e+01 2.019658077806537833e+01
1.144999999999999929e+01 2.015243519352383572e+01
1.150000000000000000e+01 2.010857782882088074e+01
1.155000000000000071e+01 2.006500556130612267e+01
1.159999999999999964e+01 2.002171531548908590e+01
1.165000000000000036e+01 1.997870406212744143e+01
1.169999999999999929e+01 1.993596881733665427e+01
1.175000000000000000e+01 1.989350664172049932e+01
1.180000000000000071e+01 1.985131463952187403e+01
1.184999999999999964e+01 1.980938995779332501e+01
1.190000000000000036e+01 1.976772978558675220e+01
1.194999999999999929e+01 1.972633135316182873e+01
1.200000000000000000e+01 1.968519193121250765e+01
1.205000000000000071e+01 1.964430883011126028e+01
1.209999999999999964e+01 1.960367939917049895e+01
1.215000000000000036e+01 1.956330102592067988e+01
1.219999999999999929e+01 1.952317113540477678e+01
1.225000000000000000e+01 1.948328718948855354e+01
1.230000000000000071e+01 1.944364668618628400e+01
1.234999999999999964e+01 1.940424715900151753e+01
1.240000000000000036e+01 1.936508617628245332e+01
1.244999999999999929e+01 1.932616134059160018e+01
1.250000000000000000e+01 1.928747028808928476e+01
1.255000000000000071e+01 1.924901068793070991e+01
1.259999999999999964e+01 1.921078024167616149e+01
1.265000000000000036e+01 1.917277668271406910e+01
1.269999999999999929e+01 1.913499777569656146e+01
1.275000000000000000e+01 1.909744131598721495e+01
1.280000000000000071e+01 1.906010512912066091e+01
1.284999999999999964e+01 1.902298707027380686e+01
1.290000000000000036e+01 1.898608502374828788e+01
1.294999999999999929e+01 1.894939690246396680e+01
1.300000000000000000e+01 1.891292064746313528e+01
1.305000000000000071e+01 1.887665422742518828e+01
1.309999999999999964e+01 1.884059563819145211e+01
1.315000000000000036e+01 1.880474290230003476e+01
1.319999999999999929e+01 1.876909406853031825e+01
1.325000000000000000e+01 1.873364721145691192e+01
1.330000000000000071e+01 1.869840043101288174e+01
1.334999999999999964e+01 1.866335185206195035e+01
1.340000000000000036e+01 1.862849962397947934e+01
1.344999999999999929e+01 1.859384192024205618e+01
1.350000000000000000e+01 1.855937693802543009e+01
1.355000000000000071e+01 1.852510289781061914e+01
1.359999999999999964e+01 1.849101804299798602e+01
1.365000000000000036e+01 1.845712063952909432e+01
1.369999999999999929e+01 1.842340897551618895e+01
1.375000000000000000e+01 1.838988136087904124e+01
1.380000000000000071e+01 1.835653612698908788e+01
1.384999999999999964e+01 1.832337162632062544e+01
1.390000000000000036e+01 1.829038623210889369e+01
1.394999999999999929e+01 1.825757833801492325e+01
1.400000000000000000e+01 1.822494635779698768e+01
1.405000000000000071e+01 1.819248872498845060e+01
1.409999999999999964e+01 1.816020389258193646e+01
1.415000000000000036e+01 1.812809033271962988e+01
1.419999999999999929e+01 1.809614653638959325e+01
1.425000000000000000e+01 1.806437101312791427e+01
1.430000000000000071e+01 1.803276229072662673e+01
1.434999999999999964e+01 1.800131891494722680e+01
1.440000000000000036e+01 1.797003944923962138e+01
1.444999999999999929e+01 1.793892247446650501e+01
1.450000000000000000e+01 1.790796658863289892e+01
1.455000000000000071e+01 1.787717040662083789e+01
1.459999999999999964e+01 1.784653255992907717e+01
1.465000000000000036e+01 1.781605169641763808e+01
1.469999999999999929e+01 1.778572648005718193e+01
1.475000000000000000e+01 1.775555559068305911e+01
1.480000000000000071e+01 1.772553772375388448e+01
1.484999999999999964e+01 1.769567159011466018e+01
1.490000000000000036e+01 1.766595591576419366e+01
1.494999999999999929e+01 1.763638944162688560e+01
1.500000000000000000e+01 1.760697092332861047e+01
1.505000000000000071e+01 1.757769913097678227e+01
1.509999999999999964e+01 1.754857284894437797e+01
1.515000000000000036e+01 1.751959087565787954e+01
1.519999999999999929e+01 1.749075202338910273e+01
1.525000000000000000e+01 1.746205511805073129e+01
1.530000000000000071e+01 1.743349899899557087e+01
1.534999999999999964e+01 1.740508251881935919e+01
1.540000000000000036e+01 1.737680454316714318e+01
1.544999999999999929e+01 1.734866395054307731e+01
1.550000000000000000e+01 1.732065963212361481e+01
1.555000000000000071e+01 1.729279049157399228e+01
1.559999999999999964e+01 1.726505544486795429e+01
1.565000000000000036e+01 1.723745342011066128e+01
1.569999999999999929e+01 1.720998335736469897e+01
1.575000000000000000e+01 1.718264420847909335e+01
1.580000000000000071e+01 1.715543493692136678e+01
1.584999999999999964e+01 1.712835451761245409e+01
1.590000000000000036e+01 1.710140193676450693e+01
1.594999999999999929e+01 1.707457619172148000e+01
1.600000000000000000e+01 1.704787629080248479e+01
1.605000000000000071e+01 1.702130125314778297e+01
1.610000000000000142e+01 1.699485010856748346e+01
1.614999999999999858e+01 1.696852189739272632e+01
1.619999999999999929e+01 1.694231567032947794e+01
1.625000000000000000e+01 1.691623048831476694e+01
1.630000000000000071e+01 1.689026542237532524e+01
1.635000000000000142e+01 1.686441955348866983e+01
1.639999999999999858e+01 1.683869197244644056e+01
1.644999999999999929e+01 1.681308177972008266e+01
1.650000000000000000e+01 1.678758808532875335e+01
1.655000000000000071e+01 1.676221000870940614e+01
1.660000000000000142e+01 1.673694667858904950e+01
1.664999999999999858e+01 1.671179723285911223e+01
1.669999999999999929e+01 1.668676081845188008e+01
1.675000000000000000e+01 1.666183659121895033e+01
1.680000000000000071e+01 1.663702371581171136e+01
1.685000000000000142e+01 1.661232136556371941e+01
1.689999999999999858e+01 1.658772872237503648e+01
1.694999999999999929e+01 1.656324497659844042e+01
1.700000000000000000e+01 1.653886932692745049e+01
